37.977117,23.673087
37.977111,23.673097
37.977109,23.673100
37.977109,23.673100
37.977121,23.673079
37.977126,23.673071
37.977126,23.673072
37.977130,23.673065
37.977139,23.673051
37.977143,23.673045
37.977143,23.673045
37.977143,23.673045
37.977149,23.673039
37.977143,23.673048
37.977121,23.673073
37.977121,23.673073
37.977139,23.673043
37.977139,23.673043
37.977155,23.673014
37.977160,23.673004
37.977154,23.673014
37.977154,23.673014
37.977147,23.673017
37.977144,23.673022
37.977146,23.673018
37.977144,23.673021
37.977155,23.673006
37.977156,23.673004
37.977146,23.673016
37.977143,23.673011
37.977145,23.673008
37.977134,23.673025
37.977129,23.673032
37.977129,23.673032
37.977139,23.673014
37.977131,23.673028
37.977126,23.673034
37.977130,23.673027
37.977184,23.673030
37.977206,23.673009
37.977198,23.673013
37.977167,23.673002
37.977167,23.673002
37.977182,23.672975
37.977183,23.672970
37.977191,23.672950
37.977204,23.672908
37.977209,23.672899
37.977206,23.672895
37.977203,23.672892
37.977171,23.672931
37.977165,23.672941
37.977164,23.672946
37.977148,23.672956
37.977146,23.672963
37.977152,23.672959
37.977155,23.672953
37.977156,23.672953
37.977127,23.672983
37.977126,23.672981
37.977122,23.672985
37.977107,23.673004
37.977106,23.673008
37.977105,23.673009
37.977101,23.673013
37.977093,23.673045
37.977093,23.673045
37.977109,23.673047
37.977123,23.673049
37.977123,23.673049
37.977130,23.673046
37.977123,23.673054
37.977120,23.673053
37.977108,23.673063
37.977113,23.673057
37.977114,23.673053
37.977109,23.673051
37.977119,23.673039
37.977124,23.673032
37.977130,23.673031
37.977128,23.673030
37.977125,23.673027
37.977086,23.673096
37.977084,23.673089
37.977084,23.673089
37.977090,23.673057
37.977095,23.673050
37.977107,23.673007
37.977113,23.672997
37.977117,23.672989
37.977121,23.672975
37.977121,23.672975
37.977127,23.672990
37.977115,23.673044
37.977112,23.673098
37.977202,23.673023
37.977215,23.672990
37.977225,23.672964
37.977263,23.672876
37.977273,23.672855
37.977296,23.672801
37.977295,23.672808
37.977266,23.672860
37.977252,23.672822
37.977031,23.673210
37.977040,23.673196
37.977061,23.673188
37.977037,23.673288
37.977039,23.673302
37.977089,23.673303
37.977129,23.673194
37.977144,23.673137
37.977144,23.673137
37.977149,23.673140
37.977149,23.673133
37.977146,23.673113
37.977137,23.673130
37.977137,23.673130
37.977137,23.673130
37.977137,23.673130
37.977125,23.673154
37.977133,23.673149
37.977133,23.673149
37.977136,23.673148
37.977135,23.673148
37.977140,23.673143
37.977151,23.673121
37.977151,23.673121
37.977173,23.673123
37.977173,23.673123
37.977155,23.673143
37.977144,23.673156
37.977156,23.673138
37.977141,23.673155
37.977141,23.673155
37.977084,23.673168
37.977092,23.673150
37.977096,23.673139
37.977192,23.673024
37.977214,23.672974
37.977220,23.672964
37.977209,23.672975
37.977212,23.672971
37.977198,23.673013
37.977251,23.672915
37.977260,23.672919
37.977215,23.672998
37.977211,23.673009
37.977211,23.673009
37.977189,23.673054
37.977141,23.673137
37.977120,23.673193
37.977120,23.673206
37.977125,23.673190
37.977115,23.673205
37.977115,23.673205
37.977108,23.673211
37.977103,23.673215
37.977097,23.673214
0.000000,0.000000
0.000000,0.000000
0.000000,0.000000
0.000000,0.000000
0.000000,0.000000
0.000000,0.000000
0.000000,0.000000
0.000000,0.000000
0.000000,0.000000
0.000000,0.000000
0.000000,0.000000
0.000000,0.000000
0.000000,0.000000
0.000000,0.000000
0.000000,0.000000
0.000000,0.000000
0.000000,0.000000
0.000000,0.000000
0.000000,0.000000
0.000000,0.000000
0.000000,0.000000
0.000000,0.000000
0.000000,0.000000
0.000000,0.000000
0.000000,0.000000
0.000000,0.000000
0.000000,0.000000
0.000000,0.000000
0.000000,0.000000
0.000000,0.000000
0.000000,0.000000
0.000000,0.000000
0.000000,0.000000
0.000000,0.000000
0.000000,0.000000
0.000000,0.000000
0.000000,0.000000
0.000000,0.000000
0.000000,0.000000
0.000000,0.000000
0.000000,0.000000
0.000000,0.000000
0.000000,0.000000
0.000000,0.000000
0.000000,0.000000
0.000000,0.000000
0.000000,0.000000
0.000000,0.000000
0.000000,0.000000
0.000000,0.000000
0.000000,0.000000
0.000000,0.000000
0.000000,0.000000
0.000000,0.000000
0.000000,0.000000
0.000000,0.000000
0.000000,0.000000
0.000000,0.000000
0.000000,0.000000
0.000000,0.000000
0.000000,0.000000
0.000000,0.000000
0.000000,0.000000
0.000000,0.000000
0.000000,0.000000
0.000000,0.000000
0.000000,0.000000
0.000000,0.000000
0.000000,0.000000
0.000000,0.000000
0.000000,0.000000
0.000000,0.000000
0.000000,0.000000
0.000000,0.000000
0.000000,0.000000
0.000000,0.000000
0.000000,0.000000
0.000000,0.000000
0.000000,0.000000
0.000000,0.000000
0.000000,0.000000
0.000000,0.000000
0.000000,0.000000
0.000000,0.000000
0.000000,0.000000
0.000000,0.000000
0.000000,0.000000
0.000000,0.000000
0.000000,0.000000
0.000000,0.000000
0.000000,0.000000
0.000000,0.000000
0.000000,0.000000
0.000000,0.000000
0.000000,0.000000
0.000000,0.000000
0.000000,0.000000
0.000000,0.000000
0.000000,0.000000
0.000000,0.000000
0.000000,0.000000
0.000000,0.000000
0.000000,0.000000
0.000000,0.000000
0.000000,0.000000
0.000000,0.000000
0.000000,0.000000
0.000000,0.000000
0.000000,0.000000
0.000000,0.000000
0.000000,0.000000
0.000000,0.000000
0.000000,0.000000
0.000000,0.000000
0.000000,0.000000
0.000000,0.000000
0.000000,0.000000
0.000000,0.000000
0.000000,0.000000
0.000000,0.000000
0.000000,0.000000
0.000000,0.000000
0.000000,0.000000
0.000000,0.000000
0.000000,0.000000
0.000000,0.000000
0.000000,0.000000
0.000000,0.000000
0.000000,0.000000
0.000000,0.000000
0.000000,0.000000
0.000000,0.000000
0.000000,0.000000
0.000000,0.000000
0.000000,0.000000
0.000000,0.000000
0.000000,0.000000
0.000000,0.000000
0.000000,0.000000
0.000000,0.000000
0.000000,0.000000
0.000000,0.000000
0.000000,0.000000
0.000000,0.000000
0.000000,0.000000
0.000000,0.000000
0.000000,0.000000
0.000000,0.000000
0.000000,0.000000
0.000000,0.000000
0.000000,0.000000
0.000000,0.000000
0.000000,0.000000
0.000000,0.000000
0.000000,0.000000
0.000000,0.000000
0.000000,0.000000
0.000000,0.000000
0.000000,0.000000
0.000000,0.000000
0.000000,0.000000
0.000000,0.000000
0.000000,0.000000
0.000000,0.000000
0.000000,0.000000
0.000000,0.000000
0.000000,0.000000
0.000000,0.000000
0.000000,0.000000
0.000000,0.000000
0.000000,0.000000
0.000000,0.000000
0.000000,0.000000
0.000000,0.000000
0.000000,0.000000
0.000000,0.000000
0.000000,0.000000
0.000000,0.000000
0.000000,0.000000
0.000000,0.000000
0.000000,0.000000
0.000000,0.000000
0.000000,0.000000
0.000000,0.000000
0.000000,0.000000
0.000000,0.000000
0.000000,0.000000
0.000000,0.000000
0.000000,0.000000
0.000000,0.000000
0.000000,0.000000
0.000000,0.000000
0.000000,0.000000
0.000000,0.000000
0.000000,0.000000
0.000000,0.000000
0.000000,0.000000
0.000000,0.000000
0.000000,0.000000
0.000000,0.000000
0.000000,0.000000
0.000000,0.000000
0.000000,0.000000
0.000000,0.000000
0.000000,0.000000
0.000000,0.000000
0.000000,0.000000
0.000000,0.000000
0.000000,0.000000
0.000000,0.000000
0.000000,0.000000
0.000000,0.000000
0.000000,0.000000
0.000000,0.000000
0.000000,0.000000
0.000000,0.000000
0.000000,0.000000
0.000000,0.000000
0.000000,0.000000
0.000000,0.000000
0.000000,0.000000
0.000000,0.000000
0.000000,0.000000
0.000000,0.000000
0.000000,0.000000
0.000000,0.000000
0.000000,0.000000
0.000000,0.000000
0.000000,0.000000
0.000000,0.000000
0.000000,0.000000
0.000000,0.000000
0.000000,0.000000
0.000000,0.000000
0.000000,0.000000
0.000000,0.000000
0.000000,0.000000
0.000000,0.000000
0.000000,0.000000
0.000000,0.000000
0.000000,0.000000
0.000000,0.000000
0.000000,0.000000
0.000000,0.000000
0.000000,0.000000
0.000000,0.000000
0.000000,0.000000
0.000000,0.000000
0.000000,0.000000
0.000000,0.000000
0.000000,0.000000
0.000000,0.000000
0.000000,0.000000
0.000000,0.000000
0.000000,0.000000
0.000000,0.000000
0.000000,0.000000
0.000000,0.000000
0.000000,0.000000
0.000000,0.000000
0.000000,0.000000
0.000000,0.000000
0.000000,0.000000
0.000000,0.000000
0.000000,0.000000
0.000000,0.000000
0.000000,0.000000
0.000000,0.000000
0.000000,0.000000
0.000000,0.000000
0.000000,0.000000
0.000000,0.000000
0.000000,0.000000
0.000000,0.000000
0.000000,0.000000
0.000000,0.000000
0.000000,0.000000
0.000000,0.000000
0.000000,0.000000
0.000000,0.000000
0.000000,0.000000
0.000000,0.000000
0.000000,0.000000
0.000000,0.000000
0.000000,0.000000
0.000000,0.000000
0.000000,0.000000
0.000000,0.000000
0.000000,0.000000
0.000000,0.000000
0.000000,0.000000
0.000000,0.000000
0.000000,0.000000
0.000000,0.000000
0.000000,0.000000
0.000000,0.000000
0.000000,0.000000
0.000000,0.000000
0.000000,0.000000
0.000000,0.000000
0.000000,0.000000
0.000000,0.000000
0.000000,0.000000
0.000000,0.000000
0.000000,0.000000
0.000000,0.000000
0.000000,0.000000
0.000000,0.000000
0.000000,0.000000
0.000000,0.000000
0.000000,0.000000
0.000000,0.000000
0.000000,0.000000
0.000000,0.000000
0.000000,0.000000
0.000000,0.000000
0.000000,0.000000
0.000000,0.000000
0.000000,0.000000
0.000000,0.000000
0.000000,0.000000
0.000000,0.000000
0.000000,0.000000
0.000000,0.000000
0.000000,0.000000
0.000000,0.000000
0.000000,0.000000
0.000000,0.000000
0.000000,0.000000
0.000000,0.000000
0.000000,0.000000
0.000000,0.000000
0.000000,0.000000
0.000000,0.000000
0.000000,0.000000
0.000000,0.000000
0.000000,0.000000
0.000000,0.000000
0.000000,0.000000
0.000000,0.000000
0.000000,0.000000
0.000000,0.000000
0.000000,0.000000
0.000000,0.000000
0.000000,0.000000
0.000000,0.000000
0.000000,0.000000
0.000000,0.000000
0.000000,0.000000
0.000000,0.000000
0.000000,0.000000
0.000000,0.000000
0.000000,0.000000
0.000000,0.000000
0.000000,0.000000
0.000000,0.000000
0.000000,0.000000
0.000000,0.000000
0.000000,0.000000
0.000000,0.000000
0.000000,0.000000
0.000000,0.000000
0.000000,0.000000
0.000000,0.000000
0.000000,0.000000
0.000000,0.000000
0.000000,0.000000
0.000000,0.000000
0.000000,0.000000
0.000000,0.000000
0.000000,0.000000
0.000000,0.000000
0.000000,0.000000
0.000000,0.000000
0.000000,0.000000
0.000000,0.000000
0.000000,0.000000
0.000000,0.000000
0.000000,0.000000
0.000000,0.000000
0.000000,0.000000
0.000000,0.000000
0.000000,0.000000
0.000000,0.000000
0.000000,0.000000
0.000000,0.000000
0.000000,0.000000
0.000000,0.000000
0.000000,0.000000
0.000000,0.000000
0.000000,0.000000
0.000000,0.000000
0.000000,0.000000
0.000000,0.000000
0.000000,0.000000
0.000000,0.000000
0.000000,0.000000
0.000000,0.000000
0.000000,0.000000
0.000000,0.000000
0.000000,0.000000
0.000000,0.000000
0.000000,0.000000
0.000000,0.000000
0.000000,0.000000
0.000000,0.000000
0.000000,0.000000
0.000000,0.000000
0.000000,0.000000
0.000000,0.000000
0.000000,0.000000
0.000000,0.000000
0.000000,0.000000
0.000000,0.000000
0.000000,0.000000
0.000000,0.000000
0.000000,0.000000
0.000000,0.000000
0.000000,0.000000
0.000000,0.000000
0.000000,0.000000
0.000000,0.000000
0.000000,0.000000
0.000000,0.000000
0.000000,0.000000
0.000000,0.000000
0.000000,0.000000
0.000000,0.000000
0.000000,0.000000
0.000000,0.000000
0.000000,0.000000
0.000000,0.000000
0.000000,0.000000
0.000000,0.000000
0.000000,0.000000
0.000000,0.000000
0.000000,0.000000
0.000000,0.000000
0.000000,0.000000
0.000000,0.000000
0.000000,0.000000
0.000000,0.000000
0.000000,0.000000
0.000000,0.000000
0.000000,0.000000
0.000000,0.000000
0.000000,0.000000
0.000000,0.000000
0.000000,0.000000
0.000000,0.000000
0.000000,0.000000
0.000000,0.000000
0.000000,0.000000
0.000000,0.000000
0.000000,0.000000
0.000000,0.000000
0.000000,0.000000
0.000000,0.000000
0.000000,0.000000
0.000000,0.000000
0.000000,0.000000
0.000000,0.000000
0.000000,0.000000
0.000000,0.000000
0.000000,0.000000
0.000000,0.000000
0.000000,0.000000
0.000000,0.000000
0.000000,0.000000
0.000000,0.000000
0.000000,0.000000
0.000000,0.000000
0.000000,0.000000
0.000000,0.000000
0.000000,0.000000
0.000000,0.000000
0.000000,0.000000
0.000000,0.000000
0.000000,0.000000
0.000000,0.000000
0.000000,0.000000
0.000000,0.000000
0.000000,0.000000
0.000000,0.000000
0.000000,0.000000
0.000000,0.000000
0.000000,0.000000
0.000000,0.000000
0.000000,0.000000
0.000000,0.000000
0.000000,0.000000
0.000000,0.000000
0.000000,0.000000
0.000000,0.000000
0.000000,0.000000
0.000000,0.000000
0.000000,0.000000
0.000000,0.000000
0.000000,0.000000
0.000000,0.000000
0.000000,0.000000
0.000000,0.000000
0.000000,0.000000
0.000000,0.000000
0.000000,0.000000
0.000000,0.000000
0.000000,0.000000
0.000000,0.000000
0.000000,0.000000
0.000000,0.000000
0.000000,0.000000
0.000000,0.000000
0.000000,0.000000
0.000000,0.000000
0.000000,0.000000
0.000000,0.000000
0.000000,0.000000
0.000000,0.000000
0.000000,0.000000
0.000000,0.000000
0.000000,0.000000
0.000000,0.000000
0.000000,0.000000
0.000000,0.000000
0.000000,0.000000
0.000000,0.000000
0.000000,0.000000
0.000000,0.000000
0.000000,0.000000
0.000000,0.000000
0.000000,0.000000
0.000000,0.000000
0.000000,0.000000
0.000000,0.000000
0.000000,0.000000
0.000000,0.000000
0.000000,0.000000
0.000000,0.000000
0.000000,0.000000
0.000000,0.000000
0.000000,0.000000
0.000000,0.000000
0.000000,0.000000
0.000000,0.000000
0.000000,0.000000
0.000000,0.000000
0.000000,0.000000
0.000000,0.000000
0.000000,0.000000
0.000000,0.000000
0.000000,0.000000
0.000000,0.000000
0.000000,0.000000
0.000000,0.000000
0.000000,0.000000
0.000000,0.000000
0.000000,0.000000
0.000000,0.000000
0.000000,0.000000
0.000000,0.000000
0.000000,0.000000
0.000000,0.000000
0.000000,0.000000
0.000000,0.000000
0.000000,0.000000
0.000000,0.000000
0.000000,0.000000
0.000000,0.000000
0.000000,0.000000
0.000000,0.000000
0.000000,0.000000
0.000000,0.000000
0.000000,0.000000
0.000000,0.000000
0.000000,0.000000
0.000000,0.000000
0.000000,0.000000
0.000000,0.000000
0.000000,0.000000
0.000000,0.000000
0.000000,0.000000
0.000000,0.000000
0.000000,0.000000
0.000000,0.000000
0.000000,0.000000
0.000000,0.000000
0.000000,0.000000
0.000000,0.000000
0.000000,0.000000
0.000000,0.000000
0.000000,0.000000
0.000000,0.000000
0.000000,0.000000
0.000000,0.000000
0.000000,0.000000
0.000000,0.000000
0.000000,0.000000
0.000000,0.000000
0.000000,0.000000
0.000000,0.000000
0.000000,0.000000
0.000000,0.000000
0.000000,0.000000
0.000000,0.000000
0.000000,0.000000
0.000000,0.000000
0.000000,0.000000
0.000000,0.000000
0.000000,0.000000
0.000000,0.000000
0.000000,0.000000
0.000000,0.000000
0.000000,0.000000
0.000000,0.000000
0.000000,0.000000
0.000000,0.000000
0.000000,0.000000
0.000000,0.000000
0.000000,0.000000
0.000000,0.000000
0.000000,0.000000
0.000000,0.000000
0.000000,0.000000
0.000000,0.000000
0.000000,0.000000
0.000000,0.000000
0.000000,0.000000
0.000000,0.000000
0.000000,0.000000
0.000000,0.000000
0.000000,0.000000
0.000000,0.000000
0.000000,0.000000
0.000000,0.000000
0.000000,0.000000
0.000000,0.000000
0.000000,0.000000
0.000000,0.000000
0.000000,0.000000
0.000000,0.000000
0.000000,0.000000
0.000000,0.000000
0.000000,0.000000
0.000000,0.000000
0.000000,0.000000
0.000000,0.000000
0.000000,0.000000
0.000000,0.000000
0.000000,0.000000
0.000000,0.000000
0.000000,0.000000
0.000000,0.000000
0.000000,0.000000
0.000000,0.000000
0.000000,0.000000
0.000000,0.000000
0.000000,0.000000
0.000000,0.000000
0.000000,0.000000
0.000000,0.000000
0.000000,0.000000
0.000000,0.000000
0.000000,0.000000
0.000000,0.000000
0.000000,0.000000
0.000000,0.000000
0.000000,0.000000
0.000000,0.000000
0.000000,0.000000
0.000000,0.000000
0.000000,0.000000
0.000000,0.000000
0.000000,0.000000
0.000000,0.000000
0.000000,0.000000
0.000000,0.000000
0.000000,0.000000
0.000000,0.000000
0.000000,0.000000
0.000000,0.000000
0.000000,0.000000
0.000000,0.000000
0.000000,0.000000
0.000000,0.000000
0.000000,0.000000
0.000000,0.000000
0.000000,0.000000
0.000000,0.000000
0.000000,0.000000
0.000000,0.000000
0.000000,0.000000
0.000000,0.000000
0.000000,0.000000
0.000000,0.000000
0.000000,0.000000
0.000000,0.000000
0.000000,0.000000
0.000000,0.000000
0.000000,0.000000
0.000000,0.000000
0.000000,0.000000
0.000000,0.000000
0.000000,0.000000
0.000000,0.000000
0.000000,0.000000
0.000000,0.000000
0.000000,0.000000
0.000000,0.000000
0.000000,0.000000
0.000000,0.000000
0.000000,0.000000
0.000000,0.000000
0.000000,0.000000
0.000000,0.000000
0.000000,0.000000
0.000000,0.000000
0.000000,0.000000
0.000000,0.000000
0.000000,0.000000
0.000000,0.000000
0.000000,0.000000
0.000000,0.000000
0.000000,0.000000
0.000000,0.000000
0.000000,0.000000
0.000000,0.000000
0.000000,0.000000
0.000000,0.000000
0.000000,0.000000
0.000000,0.000000
0.000000,0.000000
0.000000,0.000000
0.000000,0.000000
0.000000,0.000000
0.000000,0.000000
0.000000,0.000000
0.000000,0.000000
0.000000,0.000000
0.000000,0.000000
0.000000,0.000000
0.000000,0.000000
0.000000,0.000000
0.000000,0.000000
0.000000,0.000000
0.000000,0.000000
0.000000,0.000000
0.000000,0.000000
0.000000,0.000000
0.000000,0.000000
0.000000,0.000000
0.000000,0.000000
0.000000,0.000000
0.000000,0.000000
0.000000,0.000000
0.000000,0.000000
0.000000,0.000000
0.000000,0.000000
0.000000,0.000000
0.000000,0.000000
0.000000,0.000000
0.000000,0.000000
0.000000,0.000000
0.000000,0.000000
0.000000,0.000000
0.000000,0.000000
0.000000,0.000000
0.000000,0.000000
0.000000,0.000000
0.000000,0.000000
0.000000,0.000000
0.000000,0.000000
0.000000,0.000000
0.000000,0.000000
0.000000,0.000000
0.000000,0.000000
0.000000,0.000000
0.000000,0.000000
0.000000,0.000000
0.000000,0.000000
0.000000,0.000000
0.000000,0.000000
0.000000,0.000000
0.000000,0.000000
0.000000,0.000000
0.000000,0.000000
0.000000,0.000000
0.000000,0.000000
0.000000,0.000000
0.000000,0.000000
0.000000,0.000000
0.000000,0.000000
0.000000,0.000000
0.000000,0.000000
0.000000,0.000000
0.000000,0.000000
0.000000,0.000000
0.000000,0.000000
0.000000,0.000000
0.000000,0.000000
0.000000,0.000000
0.000000,0.000000
0.000000,0.000000
0.000000,0.000000
0.000000,0.000000
0.000000,0.000000
0.000000,0.000000
0.000000,0.000000
0.000000,0.000000
0.000000,0.000000
0.000000,0.000000
0.000000,0.000000
0.000000,0.000000
0.000000,0.000000
0.000000,0.000000
0.000000,0.000000
0.000000,0.000000
0.000000,0.000000
0.000000,0.000000
0.000000,0.000000
0.000000,0.000000
0.000000,0.000000
0.000000,0.000000
0.000000,0.000000
0.000000,0.000000
0.000000,0.000000
0.000000,0.000000
0.000000,0.000000
0.000000,0.000000
0.000000,0.000000
0.000000,0.000000
0.000000,0.000000
0.000000,0.000000
0.000000,0.000000
0.000000,0.000000
0.000000,0.000000
0.000000,0.000000
0.000000,0.000000
0.000000,0.000000
0.000000,0.000000
0.000000,0.000000
0.000000,0.000000
0.000000,0.000000
0.000000,0.000000
0.000000,0.000000
0.000000,0.000000
0.000000,0.000000
0.000000,0.000000
0.000000,0.000000
0.000000,0.000000
0.000000,0.000000
0.000000,0.000000
0.000000,0.000000
0.000000,0.000000
0.000000,0.000000
0.000000,0.000000
0.000000,0.000000
0.000000,0.000000
0.000000,0.000000
0.000000,0.000000
0.000000,0.000000
0.000000,0.000000
0.000000,0.000000
0.000000,0.000000
0.000000,0.000000
0.000000,0.000000
0.000000,0.000000
0.000000,0.000000
0.000000,0.000000
0.000000,0.000000
0.000000,0.000000
0.000000,0.000000
0.000000,0.000000
0.000000,0.000000
0.000000,0.000000
0.000000,0.000000
0.000000,0.000000
0.000000,0.000000
0.000000,0.000000
0.000000,0.000000
0.000000,0.000000
0.000000,0.000000
0.000000,0.000000
0.000000,0.000000
0.000000,0.000000
0.000000,0.000000
0.000000,0.000000
0.000000,0.000000
0.000000,0.000000
0.000000,0.000000
0.000000,0.000000
0.000000,0.000000
0.000000,0.000000
0.000000,0.000000
0.000000,0.000000
0.000000,0.000000
0.000000,0.000000
0.000000,0.000000
0.000000,0.000000
0.000000,0.000000
0.000000,0.000000
0.000000,0.000000
0.000000,0.000000
0.000000,0.000000
0.000000,0.000000
0.000000,0.000000
0.000000,0.000000
0.000000,0.000000
0.000000,0.000000
0.000000,0.000000
0.000000,0.000000
0.000000,0.000000
0.000000,0.000000
0.000000,0.000000
0.000000,0.000000
0.000000,0.000000
0.000000,0.000000
0.000000,0.000000
0.000000,0.000000
0.000000,0.000000
0.000000,0.000000
0.000000,0.000000
0.000000,0.000000
0.000000,0.000000
0.000000,0.000000
0.000000,0.000000
0.000000,0.000000
0.000000,0.000000
0.000000,0.000000
0.000000,0.000000
0.000000,0.000000
0.000000,0.000000
0.000000,0.000000
0.000000,0.000000
0.000000,0.000000
0.000000,0.000000
0.000000,0.000000
0.000000,0.000000
0.000000,0.000000
0.000000,0.000000
0.000000,0.000000
0.000000,0.000000
0.000000,0.000000
0.000000,0.000000
0.000000,0.000000
0.000000,0.000000
0.000000,0.000000
0.000000,0.000000
0.000000,0.000000
0.000000,0.000000
0.000000,0.000000
0.000000,0.000000
0.000000,0.000000
0.000000,0.000000
0.000000,0.000000
0.000000,0.000000
0.000000,0.000000
0.000000,0.000000
0.000000,0.000000
0.000000,0.000000
0.000000,0.000000
0.000000,0.000000
0.000000,0.000000
0.000000,0.000000
0.000000,0.000000
0.000000,0.000000
0.000000,0.000000
0.000000,0.000000
0.000000,0.000000
0.000000,0.000000
0.000000,0.000000
0.000000,0.000000
0.000000,0.000000
0.000000,0.000000
0.000000,0.000000
0.000000,0.000000
0.000000,0.000000
0.000000,0.000000
0.000000,0.000000
0.000000,0.000000
0.000000,0.000000
0.000000,0.000000
0.000000,0.000000
0.000000,0.000000
0.000000,0.000000
0.000000,0.000000
0.000000,0.000000
0.000000,0.000000
0.000000,0.000000
0.000000,0.000000
0.000000,0.000000
0.000000,0.000000
0.000000,0.000000
0.000000,0.000000
0.000000,0.000000
0.000000,0.000000
0.000000,0.000000
0.000000,0.000000
0.000000,0.000000
0.000000,0.000000
0.000000,0.000000
0.000000,0.000000
0.000000,0.000000
0.000000,0.000000
0.000000,0.000000
0.000000,0.000000
0.000000,0.000000
0.000000,0.000000
0.000000,0.000000
0.000000,0.000000
0.000000,0.000000
0.000000,0.000000
0.000000,0.000000
0.000000,0.000000
0.000000,0.000000
0.000000,0.000000
0.000000,0.000000
0.000000,0.000000
0.000000,0.000000
0.000000,0.000000
0.000000,0.000000
0.000000,0.000000
0.000000,0.000000
0.000000,0.000000
0.000000,0.000000
0.000000,0.000000
0.000000,0.000000
0.000000,0.000000
0.000000,0.000000
0.000000,0.000000
0.000000,0.000000
0.000000,0.000000
0.000000,0.000000
0.000000,0.000000
0.000000,0.000000
0.000000,0.000000
0.000000,0.000000
0.000000,0.000000
0.000000,0.000000
0.000000,0.000000
0.000000,0.000000
0.000000,0.000000
0.000000,0.000000
0.000000,0.000000
0.000000,0.000000
0.000000,0.000000
0.000000,0.000000
0.000000,0.000000
0.000000,0.000000
0.000000,0.000000
0.000000,0.000000
0.000000,0.000000
0.000000,0.000000
0.000000,0.000000
0.000000,0.000000
0.000000,0.000000
0.000000,0.000000
0.000000,0.000000
0.000000,0.000000
0.000000,0.000000
0.000000,0.000000
0.000000,0.000000
0.000000,0.000000
0.000000,0.000000
0.000000,0.000000
0.000000,0.000000
0.000000,0.000000
0.000000,0.000000
0.000000,0.000000
0.000000,0.000000
0.000000,0.000000
0.000000,0.000000
0.000000,0.000000
0.000000,0.000000
0.000000,0.000000
0.000000,0.000000
0.000000,0.000000
0.000000,0.000000
0.000000,0.000000
0.000000,0.000000
0.000000,0.000000
0.000000,0.000000
0.000000,0.000000
0.000000,0.000000
0.000000,0.000000
0.000000,0.000000
0.000000,0.000000
0.000000,0.000000
0.000000,0.000000
0.000000,0.000000
0.000000,0.000000
0.000000,0.000000
0.000000,0.000000
0.000000,0.000000
0.000000,0.000000
0.000000,0.000000
0.000000,0.000000
0.000000,0.000000
0.000000,0.000000
0.000000,0.000000
0.000000,0.000000
0.000000,0.000000
0.000000,0.000000
0.000000,0.000000
0.000000,0.000000
0.000000,0.000000
0.000000,0.000000
0.000000,0.000000
0.000000,0.000000
0.000000,0.000000
0.000000,0.000000
0.000000,0.000000
0.000000,0.000000
0.000000,0.000000
0.000000,0.000000
0.000000,0.000000
0.000000,0.000000
0.000000,0.000000
0.000000,0.000000
0.000000,0.000000
0.000000,0.000000
0.000000,0.000000
0.000000,0.000000
0.000000,0.000000
0.000000,0.000000
0.000000,0.000000
0.000000,0.000000
0.000000,0.000000
0.000000,0.000000
0.000000,0.000000
0.000000,0.000000
0.000000,0.000000
0.000000,0.000000
0.000000,0.000000
0.000000,0.000000
0.000000,0.000000
0.000000,0.000000
0.000000,0.000000
0.000000,0.000000
0.000000,0.000000
0.000000,0.000000
0.000000,0.000000
0.000000,0.000000
0.000000,0.000000
0.000000,0.000000
0.000000,0.000000
0.000000,0.000000
0.000000,0.000000
0.000000,0.000000
0.000000,0.000000
0.000000,0.000000
0.000000,0.000000
0.000000,0.000000
0.000000,0.000000
0.000000,0.000000
0.000000,0.000000
0.000000,0.000000
0.000000,0.000000
0.000000,0.000000
0.000000,0.000000
0.000000,0.000000
0.000000,0.000000
0.000000,0.000000
0.000000,0.000000
0.000000,0.000000
0.000000,0.000000
0.000000,0.000000
0.000000,0.000000
0.000000,0.000000
0.000000,0.000000
0.000000,0.000000
0.000000,0.000000
0.000000,0.000000
0.000000,0.000000
0.000000,0.000000
0.000000,0.000000
0.000000,0.000000
0.000000,0.000000
0.000000,0.000000
0.000000,0.000000
0.000000,0.000000
0.000000,0.000000
0.000000,0.000000
0.000000,0.000000
0.000000,0.000000
0.000000,0.000000
0.000000,0.000000
0.000000,0.000000
0.000000,0.000000
0.000000,0.000000
0.000000,0.000000
0.000000,0.000000
0.000000,0.000000
0.000000,0.000000
0.000000,0.000000
0.000000,0.000000
0.000000,0.000000
0.000000,0.000000
0.000000,0.000000
0.000000,0.000000
0.000000,0.000000
0.000000,0.000000
0.000000,0.000000
0.000000,0.000000
0.000000,0.000000
0.000000,0.000000
0.000000,0.000000
0.000000,0.000000
0.000000,0.000000
0.000000,0.000000
0.000000,0.000000
0.000000,0.000000
0.000000,0.000000
0.000000,0.000000
0.000000,0.000000
0.000000,0.000000
0.000000,0.000000
0.000000,0.000000
0.000000,0.000000
0.000000,0.000000
0.000000,0.000000
0.000000,0.000000
0.000000,0.000000
0.000000,0.000000
0.000000,0.000000
0.000000,0.000000
0.000000,0.000000
0.000000,0.000000
0.000000,0.000000
0.000000,0.000000
0.000000,0.000000
0.000000,0.000000
0.000000,0.000000
0.000000,0.000000
0.000000,0.000000
0.000000,0.000000
0.000000,0.000000
0.000000,0.000000
0.000000,0.000000
0.000000,0.000000
0.000000,0.000000
0.000000,0.000000
0.000000,0.000000
0.000000,0.000000
0.000000,0.000000
0.000000,0.000000
0.000000,0.000000
0.000000,0.000000
0.000000,0.000000
0.000000,0.000000
0.000000,0.000000
0.000000,0.000000
0.000000,0.000000
0.000000,0.000000
0.000000,0.000000
0.000000,0.000000
0.000000,0.000000
0.000000,0.000000
0.000000,0.000000
0.000000,0.000000
0.000000,0.000000
0.000000,0.000000
0.000000,0.000000
0.000000,0.000000
0.000000,0.000000
0.000000,0.000000
0.000000,0.000000
0.000000,0.000000
0.000000,0.000000
0.000000,0.000000
0.000000,0.000000
0.000000,0.000000
0.000000,0.000000
0.000000,0.000000
0.000000,0.000000
0.000000,0.000000
0.000000,0.000000
0.000000,0.000000
0.000000,0.000000
0.000000,0.000000
0.000000,0.000000
0.000000,0.000000
0.000000,0.000000
0.000000,0.000000
0.000000,0.000000
0.000000,0.000000
0.000000,0.000000
0.000000,0.000000
0.000000,0.000000
0.000000,0.000000
0.000000,0.000000
0.000000,0.000000
0.000000,0.000000
0.000000,0.000000
0.000000,0.000000
0.000000,0.000000
0.000000,0.000000
0.000000,0.000000
0.000000,0.000000
0.000000,0.000000
0.000000,0.000000
0.000000,0.000000
0.000000,0.000000
0.000000,0.000000
0.000000,0.000000
0.000000,0.000000
0.000000,0.000000
0.000000,0.000000
0.000000,0.000000
0.000000,0.000000
0.000000,0.000000
0.000000,0.000000
0.000000,0.000000
0.000000,0.000000
0.000000,0.000000
0.000000,0.000000
0.000000,0.000000
0.000000,0.000000
0.000000,0.000000
0.000000,0.000000
0.000000,0.000000
0.000000,0.000000
0.000000,0.000000
0.000000,0.000000
0.000000,0.000000
0.000000,0.000000
0.000000,0.000000
0.000000,0.000000
0.000000,0.000000
0.000000,0.000000
0.000000,0.000000
0.000000,0.000000
0.000000,0.000000
0.000000,0.000000
0.000000,0.000000
0.000000,0.000000
0.000000,0.000000
0.000000,0.000000
0.000000,0.000000
0.000000,0.000000
0.000000,0.000000
0.000000,0.000000
0.000000,0.000000
0.000000,0.000000
0.000000,0.000000
0.000000,0.000000
0.000000,0.000000
0.000000,0.000000
0.000000,0.000000
0.000000,0.000000
0.000000,0.000000
0.000000,0.000000
0.000000,0.000000
0.000000,0.000000
0.000000,0.000000
0.000000,0.000000
0.000000,0.000000
0.000000,0.000000
0.000000,0.000000
0.000000,0.000000
0.000000,0.000000
0.000000,0.000000
0.000000,0.000000
0.000000,0.000000
0.000000,0.000000
0.000000,0.000000
0.000000,0.000000
0.000000,0.000000
0.000000,0.000000
0.000000,0.000000
0.000000,0.000000
0.000000,0.000000
0.000000,0.000000
0.000000,0.000000
0.000000,0.000000
0.000000,0.000000
0.000000,0.000000
0.000000,0.000000
0.000000,0.000000
0.000000,0.000000
0.000000,0.000000
0.000000,0.000000
0.000000,0.000000
0.000000,0.000000
0.000000,0.000000
0.000000,0.000000
0.000000,0.000000
0.000000,0.000000
0.000000,0.000000
0.000000,0.000000
0.000000,0.000000
0.000000,0.000000
0.000000,0.000000
0.000000,0.000000
0.000000,0.000000
0.000000,0.000000
0.000000,0.000000
0.000000,0.000000
0.000000,0.000000
0.000000,0.000000
0.000000,0.000000
0.000000,0.000000
0.000000,0.000000
0.000000,0.000000
0.000000,0.000000
0.000000,0.000000
0.000000,0.000000
0.000000,0.000000
0.000000,0.000000
0.000000,0.000000
0.000000,0.000000
0.000000,0.000000
0.000000,0.000000
0.000000,0.000000
0.000000,0.000000
0.000000,0.000000
0.000000,0.000000
0.000000,0.000000
0.000000,0.000000
0.000000,0.000000
0.000000,0.000000
0.000000,0.000000
0.000000,0.000000
0.000000,0.000000
0.000000,0.000000
0.000000,0.000000
0.000000,0.000000
0.000000,0.000000
0.000000,0.000000
0.000000,0.000000
0.000000,0.000000
0.000000,0.000000
0.000000,0.000000
0.000000,0.000000
0.000000,0.000000
0.000000,0.000000
0.000000,0.000000
0.000000,0.000000
0.000000,0.000000
0.000000,0.000000
0.000000,0.000000
0.000000,0.000000
0.000000,0.000000
0.000000,0.000000
0.000000,0.000000
0.000000,0.000000
0.000000,0.000000
0.000000,0.000000
0.000000,0.000000
0.000000,0.000000
0.000000,0.000000
0.000000,0.000000
0.000000,0.000000
0.000000,0.000000
0.000000,0.000000
0.000000,0.000000
0.000000,0.000000
0.000000,0.000000
0.000000,0.000000
0.000000,0.000000
0.000000,0.000000
0.000000,0.000000
0.000000,0.000000
0.000000,0.000000
0.000000,0.000000
0.000000,0.000000
0.000000,0.000000
0.000000,0.000000
0.000000,0.000000
0.000000,0.000000
0.000000,0.000000
0.000000,0.000000
0.000000,0.000000
0.000000,0.000000
0.000000,0.000000
0.000000,0.000000
0.000000,0.000000
0.000000,0.000000
0.000000,0.000000
0.000000,0.000000
0.000000,0.000000
0.000000,0.000000
0.000000,0.000000
0.000000,0.000000
0.000000,0.000000
0.000000,0.000000
0.000000,0.000000
0.000000,0.000000
0.000000,0.000000
0.000000,0.000000
0.000000,0.000000
0.000000,0.000000
0.000000,0.000000
0.000000,0.000000
